0.1393
0.6733
1.2306
1.7647
2.3219
2.8560
3.4017
3.9473
4.4930
5.0387
5.5843
6.1300
6.6757
7.2214
7.7670
8.3127
8.8584
9.4040
9.9497
10.495
11.041
11.586
12.132
12.678
13.223
13.757
14.315
14.849
15.406
15.940
16.497
17.043
17.589
18.123
18.680
19.214
19.771
20.305
20.851
21.397
21.942
22.488
23.034
23.579
24.125
24.671
25.228
25.762
26.308
26.853
27.411
27.945
28.490
29.036
29.582
30.127
30.673
31.219
31.764
32.310
32.856
33.401
33.947
34.481
35.038
35.584
36.130
36.664
37.221
37.767
38.312
38.858
39.392
39.938
40.495
41.029
41.586
42.132
42.678
43.212
43.758
44.303
44.860
45.395
45.952
46.486
47.032
47.577
48.123
48.669
49.226
49.760
50.317
50.851
51.397
51.943
52.488
53.034
53.580
54.125
54.671
55.217
55.762
56.308
56.854
57.399
57.945
58.491
59.036
59.582
60.128
60.673
61.219
61.765
62.310
62.856
63.402
63.947
64.493
65.039
65.584
66.130
66.676
67.221
67.767
68.313
68.858
69.404
69.950
70.484
71.041
71.587
72.132
72.666
73.224
73.769
74.315
74.849
75.406
75.940
76.498
77.032
77.589
78.135
78.680
79.214
79.772
80.306
80.851
81.397
81.943
82.488
83.034
83.580
84.125
84.671
85.217
85.762
86.308
86.854
87.399
87.945
88.491
89.036
89.582
90.128
90.673
91.219
91.765
92.310
92.856
93.402
93.947
94.493
95.039
95.584
96.130
96.676
97.221
97.767
98.313
98.858
99.404
99.950
100.49
101.04
101.58
102.12
102.67
103.21
103.76
104.31
104.86
105.39
105.95
106.48
107.04
107.58
108.13
108.66
109.22
109.76
110.30
110.85
111.39
111.94
112.48
113.03
113.58
114.12
114.67
115.21
115.77
116.30
116.85
117.40
117.94
118.49
119.03
119.58
120.12
120.67
121.21
121.76
122.31
122.85
123.40
123.94
124.49
125.03
125.58
126.13
126.67
127.22
127.76
128.31
128.85
129.40
129.95
130.48
131.03
131.57
132.07
132.58
133.08
133.58
134.09
134.59
135.12
135.67
136.21
136.76
137.31
137.85
138.40
138.94
139.49
140.03
140.58
141.13
141.67
142.22
142.76
143.31
143.85
144.40
144.95
145.49
146.04
146.58
147.13
147.67
148.22
148.77
149.31
149.86
150.40
150.95
151.49
152.04
152.58
153.12
153.66
154.21
154.76
155.30
155.85
156.40
156.94
157.48
158.03
158.58
159.12
159.67
160.21
160.76
161.30
161.85
162.40
162.94
163.49
164.03
164.58
165.12
165.67
166.22
166.76
167.31
167.85
168.40
168.94
169.49
170.03
170.58
171.13
171.67
172.22
172.76
173.31
173.85
174.40
174.95
175.49
176.04
176.58
177.13
177.67
178.22
178.77
179.31
179.86
180.40
180.95
181.49
182.04
182.57
183.12
183.66
184.22
184.77
185.31
185.86
186.40
186.95
187.50
188.04
188.59
189.13
189.68
190.22
190.77
191.32
191.85
192.40
192.94
193.49
194.03
194.58
195.12
195.67
196.22
196.76
197.31
197.85
198.40
198.94
199.49
200.03
200.58
201.13
201.67
202.22
202.76
203.31
203.85
204.40
204.95
205.49
206.04
206.58
207.13
207.67
208.22
208.77
209.31
209.86
210.40
210.95
211.49
212.04
212.59
213.13
213.68
214.21
214.76
215.30
215.85
216.40
216.95
217.48
218.03
218.58
219.12
219.67
220.21
220.76
221.30
221.85
222.40
222.94
223.49
224.03
224.58
225.12
225.67
226.22
226.76
227.31
227.85
228.40
228.94
229.49
230.04
230.58
231.13
231.67
232.22
232.76
233.31
233.85
234.40
234.95
235.49
236.04
236.58
237.13
237.67
238.22
238.77
239.31
239.86
240.39
240.94
241.48
242.03
242.57
243.12
243.67
244.21
244.76
245.30
245.85
246.39
246.94
247.48
248.03
248.58
249.12
249.67
250.21
250.76
251.30
251.85
252.40
252.94
253.49
254.03
254.58
255.12
255.67
256.22
256.76
257.31
257.85
258.40
258.80
259.21
259.62
260.04
260.44
260.85
261.25
261.54
261.82
262.10
262.38
262.66
262.94
263.23
263.52
263.81
264.10
264.39
264.68
264.97
265.26
265.55
265.84
266.13
266.42
266.71
267.00
267.29
267.58
267.87
268.16
268.45
268.74
269.03
269.32
269.61
269.90
270.19
