0.499229024
1.010068027
1.497687074
2.008526077
2.496145124
3.006984126
3.494603174
3.993832199
4.493061224
5.003900226
5.503129251
6.002358276
6.501587301
7.000816326
7.500045351
7.999274376
8.498503401
8.997732426
9.496961451
10.007800453
10.495419501
11.006258503
11.493877551
11.993106575
12.503945578
13.003174603
13.502403628
14.001632653
14.500861678
15.000090702
15.499319727
15.998548752
16.497777777
16.997006802
17.496235827
18.007074829
18.494693877
19.005532879
19.493151927
19.992380952
20.503219954
21.002448979
21.501678004
22.000907029
22.500136054
22.999365079
23.498594104
23.997823129
24.497052154
24.996281179
25.495510204
26.006349206
26.505578231
27.004807256
27.492426303
27.991655328
28.502494331
29.001723356
29.500952380
30.000181405
30.499410430
30.998639455
31.497868480
31.997097505
32.496326530
32.995555555
33.494784580
34.005623582
34.504852607
35.004081632
35.503310657
36.002539682
36.501768707
37.000997732
37.488616780
37.999455782
38.498684807
38.997913832
39.497142857
39.996371882
40.507210884
41.006439909
41.505668934
42.004897959
42.504126984
43.003356009
43.502585034
44.001814058
44.501043083
45.000272108
45.499501133
45.998730158
46.486349206
46.997188208
47.496417233
47.995646258
48.506485260
49.005714285
49.504943310
50.004172335
50.503401360
51.002630385
51.501859410
52.001088435
52.500317460
52.999546485
53.498775510
54.009614512
54.508843537
55.008072562
55.495691609
55.994920634
56.505759637
57.004988662
57.504217687
58.003446712
58.502675736
59.001904761
59.501133786
60.000362811
60.499591836
60.998820861
61.498049886
61.997278911
62.496507936
63.007346938
63.506575963
64.005804988
64.505034013
65.004263038
65.503492063
66.002721088
66.501950113
67.001179138
67.500408163
67.999637188
68.498866213
69.009705215
69.508934240
70.008163265
70.507392290
71.006621315
71.505850340
72.016689342
72.504308390
73.003537414
73.502766439
74.001995464
74.501224489
75.000453514
75.499682539
75.998911564
76.498140589
76.997369614
77.508208616
78.007437641
78.506666666
79.005895691
79.505124716
80.004353741
80.503582766
81.002811791
81.502040816
82.001269841
82.500498866
82.999727891
83.498956916
83.998185941
84.497414965
85.008253968
85.507482993
86.006712018
86.505941043
87.005170068
87.504399092
88.003628117
88.514467120
89.013696145
89.512925170
90.012154195
90.511383219
91.010612244
91.521451247
92.009070294
92.508299319
93.007528344
93.506757369
94.005986394
94.505215419
95.004444444
95.503673469
96.002902494
96.513741496
97.012970521
97.512199546
98.011428571
98.510657596
99.009886621
99.520725623
100.008344671
100.507573696
101.006802721
101.506031746
102.005260770
102.504489795
103.003718820
103.491337868
103.990566893
104.501405895
105.000634920
105.499863945
105.999092970
106.498321995
107.009160997
107.508390022
108.007619047
108.495238095
109.006077097
109.493696145
109.992925170
110.492154195
110.991383219
111.490612244
111.989841269
112.489070294
112.999909297
113.487528344
113.998367346
114.497596371
114.996825396
115.496054421
115.995283446
116.494512471
117.005351473
117.504580498
118.003809523
118.491428571
119.002267573
119.501496598
120.012335600
120.511564625
121.010793650
121.498412698
122.009251700
122.520090702
123.007709750
123.506938775
124.006167800
124.505396825
125.004625850
125.503854875
126.003083900
126.502312925
127.001541950
127.512380952
128.011609977
128.510839002
129.010068027
129.509297052
130.008526077
130.507755102
131.006984126
131.506213151
132.005442176
132.504671201
133.003900226
133.503129251
134.002358276
134.501587301
135.000816326
135.500045351
135.999274376
136.498503401
136.997732426
137.496961451
138.007800453
138.507029478
139.006258503
139.505487528
140.004716553
140.503945578
141.003174603
141.502403628
142.001632653
142.500861678
143.000090702
143.499319727
143.998548752
144.497777777
144.997006802
145.496235827
145.995464852
146.506303854
147.005532879
147.504761904
148.003990929
148.503219954
149.002448979
149.501678004
150.000907029
150.500136054
150.999365079
151.498594104
151.997823129
152.497052154
153.007891156
153.507120181
154.006349206
154.493968253
155.004807256
155.504036281
156.003265306
156.502494331
157.001723356
157.500952380
158.000181405
158.499410430
158.998639455
159.497868480
159.997097505
160.496326530
160.995555555
161.494784580
161.994013605
162.493242630
163.004081632
163.503310657
164.002539682
164.501768707
165.000997732
165.500226757
165.999455782
166.498684807
166.997913832
167.497142857
167.996371882
168.507210884
169.006439909
169.505668934
170.004897959
170.492517006
171.003356009
171.502585034
172.001814058
172.501043083
173.000272108
173.499501133
173.998730158
174.497959183
174.997188208
175.496417233
175.995646258
176.506485260
177.005714285
177.504943310
178.004172335
178.503401360
179.002630385
179.501859410
180.001088435
180.500317460
180.999546485
181.498775510
181.998004535
182.497233560
182.996462585
183.495691609
183.994920634
184.494149659
185.004988662
185.504217687
186.003446712
186.502675736
187.001904761
187.501133786
188.000362811
188.499591836
188.998820861
189.509659863
190.008888888
190.508117913
191.007346938
191.494965986
191.994195011
192.493424036
193.004263038
193.503492063
194.002721088
194.501950113
195.001179138
195.500408163
195.999637188
196.498866213
196.998095238
197.497324263
197.996553287
198.495782312
198.995011337
199.494240362
199.993469387
200.492698412
201.003537414
201.502766439
202.001995464
202.501224489
203.000453514
203.499682539
203.998911564
204.498140589
205.008979591
205.508208616
206.007437641
206.506666666
207.005895691
207.493514739
207.992743764
208.491972789
209.002811791
209.502040816
210.012879818
210.500498866
210.999727891
211.498956916
211.998185941
212.497414965
213.008253968
213.495873015
213.995102040
214.494331065
215.005170068
215.492789115
216.003628117
216.514467120
217.013696145
217.501315192
218.000544217
218.499773242
218.999002267
219.498231292
219.997460317
220.496689342
221.007528344
221.506757369
222.005986394
222.505215419
223.004444444
223.503673469
224.002902494
224.502131519
225.001360544
225.500589569
225.999818594
226.499047619
226.998276643
227.497505668
227.996734693
228.507573696
229.006802721
229.506031746
230.005260770
230.504489795
231.003718820
231.502947845
232.002176870
232.501405895
233.000634920
233.499863945
234.010702947
234.509931972
235.009160997
235.508390022
236.007619047
236.506848072
237.006077097
237.505306122
238.004535147
238.503764172
239.002993197
239.502222222
240.013061224
240.512290249
240.999909297
241.499138321
242.009977324
242.509206349
243.008435374
243.507664399
244.006893424
244.506122448
245.005351473
245.504580498
246.003809523
246.503038548
247.002267573
247.513106575
248.000725623
248.499954648
248.999183673
249.498412698
249.997641723
250.496870748
251.007709750
251.495328798
252.006167800
252.505396825
253.004625850
253.503854875
254.003083900
254.502312925
255.001541950
255.500770975
256.000000000
256.499229024
256.998458049
257.497687074
257.996916099
258.496145124
259.006984126
259.494603174
260.005442176
260.504671201
261.003900226
261.503129251
262.002358276
262.501587301
263.000816326
263.500045351
263.999274376
264.498503401
264.997732426
265.496961451
266.007800453
266.495419501
267.006258503
267.493877551
268.004716553
268.503945578
269.003174603
269.502403628
270.013242630
270.512471655
271.000090702
271.499319727
271.998548752
272.497777777
272.997006802
273.496235827
274.007074829
274.494693877
274.993922902
275.493151927
275.992380952
276.503219954
277.002448979
277.501678004
278.000907029
278.511746031
279.010975056
279.510204081
279.997823129
280.497052154
280.996281179
281.495510204
282.006349206
282.493968253
283.004807256
283.492426303
283.991655328
284.502494331
285.001723356
285.500952380
286.000181405
286.499410430
286.998639455
287.497868480
287.997097505
288.496326530
289.007165532
289.494784580
290.005623582
290.504852607
291.004081632
291.491700680
292.002539682
292.501768707
293.000997732
293.500226757
293.999455782
294.498684807
294.997913832
295.497142857
295.996371882
296.495600907
296.994829931
297.494058956
298.004897959
298.504126984
299.003356009
299.490975056
300.001814058
300.501043083
301.000272108
301.499501133
301.998730158
302.497959183
303.008798185
303.508027210
303.995646258
304.494875283
304.994104308
305.493333333
306.004172335
306.503401360
307.002630385
307.490249433
308.001088435
308.500317460
308.999546485
309.498775510
310.009614512
310.508843537
311.008072562
311.507301587
312.006530612
312.505759637
313.004988662
313.492607709
314.003446712
314.502675736
315.001904761
315.501133786
316.000362811
316.499591836
316.998820861
317.498049886
318.008888888
318.508117913
319.007346938
319.506575963
319.994195011
320.493424036
320.992653061
321.491882086
322.002721088
322.501950113
323.001179138
323.500408163
323.999637188
324.498866213
324.998095238
325.497324263
326.008163265
326.507392290
327.018231292
327.529070294
