0.267029478
0.766258503
1.323537414
1.845986394
2.380045351
2.914104308
3.448163265
3.982222222
4.516281179
5.050340136
5.596009070
6.130068027
6.664126984
7.198185941
7.732244897
8.266303854
8.823582766
9.346031746
9.880090702
10.414149659
10.948208616
11.482267573
12.016326530
12.550385487
13.096054421
13.641723356
14.164172335
14.698231292
15.232290249
15.766349206
16.312018140
16.846077097
17.380136054
17.914195011
18.448253968
18.982312925
19.516371882
20.050430839
20.584489795
21.130158730
21.664217687
22.198276643
22.732335600
23.266394557
23.800453514
24.346122448
24.891791383
25.414240362
25.948299319
26.482358276
27.016417233
27.550476190
28.084535147
28.630204081
29.164263038
29.709931972
30.232380952
30.766439909
31.300498866
31.846167800
32.380226757
32.914285714
33.459954648
33.982403628
34.516462585
35.062131519
35.596190476
36.130249433
36.664308390
37.198367346
37.732426303
38.266485260
38.800544217
39.334603174
39.880272108
40.414331065
40.948390022
41.482448979
42.028117913
42.550566893
43.084625850
43.630294784
44.164353741
44.710022675
45.232471655
45.766530612
46.312199546
46.846258503
47.380317460
47.914376417
48.448435374
48.982494331
49.516553287
50.050612244
50.607891156
51.141950113
51.664399092
52.198458049
52.732517006
53.266575963
53.800634920
54.346303854
54.880362811
55.414421768
55.948480725
56.482539682
57.016598639
57.550657596
58.084716553
58.630385487
59.176054421
59.698503401
60.232562358
60.766621315
61.312290249
61.846349206
62.380408163
62.914467120
63.448526077
63.982585034
64.516643990
65.050702947
65.596371882
66.130430839
66.664489795
67.198548752
67.744217687
68.278276643
68.812335600
69.346394557
69.880453514
70.414512471
70.948571428
71.482630385
72.016689342
72.550748299
73.084807256
73.630476190
74.164535147
74.698594104
75.232653061
75.766712018
76.312380952
76.846439909
77.380498866
77.914557823
78.448616780
78.982675736
79.516734693
80.050793650
80.596462585
81.130521541
81.664580498
82.198639455
82.732698412
83.266757369
83.800816326
84.334875283
84.880544217
85.414603174
85.948662131
86.482721088
87.028390022
87.550839002
88.084897959
88.630566893
89.164625850
89.698684807
90.232743764
90.766802721
91.300861678
91.834920634
92.380589569
92.914648526
93.460317460
93.982766439
94.516825396
95.062494331
95.596553287
96.142222222
96.664671201
97.198730158
97.732789115
98.266848072
98.800907029
99.334965986
99.880634920
100.414693877
100.948752834
101.482811791
102.028480725
102.562539682
103.096598639
103.630657596
104.164716553
104.698775510
105.232834467
105.766893424
106.312562358
106.846621315
107.380680272
107.914739229
108.448798185
108.982857142
109.516916099
110.050975056
110.596643990
111.130702947
111.664761904
112.198820861
112.732879818
113.266938775
113.800997732
114.346666666
114.880725623
115.414784580
115.948843537
116.482902494
117.028571428
117.562630385
118.085079365
118.630748299
119.164807256
119.698866213
120.232925170
120.778594104
121.312653061
121.835102040
122.369160997
122.914829931
123.448888888
123.982947845
124.517006802
125.062675736
125.596734693
126.130793650
126.664852607
127.198911564
127.744580498
128.267029478
128.801088435
129.346757369
129.880816326
130.414875283
130.948934240
131.482993197
132.017052154
132.551111111
133.085170068
133.630839002
134.164897959
134.698956916
135.233015873
135.767074829
136.312743764
136.846802721
137.392471655
137.926530612
138.448979591
138.983038548
139.517097505
140.051156462
140.596825396
141.119274376
141.664943310
142.199002267
142.733061224
143.267120181
143.801179138
144.335238095
144.880907029
145.414965986
145.949024943
146.494693877
147.017142857
147.551201814
148.085260770
148.630929705
149.164988662
149.699047619
150.233106575
150.778775510
151.301224489
151.835283446
152.369342403
152.915011337
153.460680272
153.983129251
154.540408163
155.074467120
155.608526077
156.142585034
156.665034013
157.199092970
157.744761904
158.290430839
158.824489795
159.370158730
159.904217687
160.449886621
160.972335600
161.494784580
162.028843537
162.551292517
163.085351473
163.631020408
164.165079365
164.699138321
165.233197278
165.767256235
166.301315192
166.835374149
167.369433106
167.915102040
168.449160997
168.983219954
169.517278911
170.051337868
170.597006802
171.131065759
171.665124716
172.199183673
172.733242630
173.267301587
173.801360544
174.347029478
174.881088435
175.415147392
175.949206349
176.483265306
177.017324263
177.551383219
178.085442176
178.631111111
179.165170068
179.699229024
180.233287981
180.767346938
181.313015873
181.847074829
182.381133786
182.915192743
183.449251700
183.983310657
184.517369614
185.051428571
185.597097505
186.131156462
186.665215419
187.199274376
187.744943310
188.279002267
188.813061224
189.347120181
189.881179138
190.415238095
190.949297052
191.483356009
192.017414965
192.551473922
193.085532879
193.631201814
194.165260770
194.699319727
195.233378684
195.767437641
196.313106575
196.858775510
197.381224489
197.915283446
198.449342403
198.983401360
199.517460317
200.051519274
200.597188208
201.131247165
201.665306122
202.199365079
202.733424036
203.267482993
203.801541950
204.335600907
204.881269841
205.415328798
205.949387755
206.483446712
207.029115646
207.563174603
208.097233560
208.631292517
209.165351473
209.699410430
210.233469387
210.767528344
211.301587301
211.835646258
212.381315192
212.915374149
213.461043083
213.983492063
214.517551020
215.063219954
215.597278911
216.131337868
216.665396825
217.199455782
217.733514739
218.267573696
218.801632653
219.335691609
219.869750566
220.415419501
220.949478458
221.483537414
222.017596371
222.551655328
223.085714285
223.619773242
224.153832199
224.687891156
225.221950113
225.767619047
226.301678004
226.835736961
227.369795918
227.903854875
228.437913832
228.983582766
229.506031746
230.051700680
230.585759637
231.131428571
231.653877551
232.199546485
232.733605442
233.267664399
233.801723356
234.335782312
234.881451247
235.427120181
235.972789115
236.518458049
237.064126984
237.609795918
238.155464852
238.701133786
